(+353) 879528412
(+353) 868771064
(+353) 851062053
(+353) 872592245
(+44) 7752076786
(+353) 876683115
(+353) 873781739
(+353) 877680488
(+44) 7936977988
(+353) 877938576
(+353) 876898228
(+353) 873545349
(+353) 871146674
(+353) 879129810
(+353) 877403689
(+353) 864135565
(+353) 870965058
(+353) 879312373
(+353) 866044668
343876617743
(+353) 861968295
(+353) 878174260
(+353) 877500253
(+353) 878174827
(+353) 871301719
(+353) 878387782
(+353) 863555897
(+44) 7880491038
(+353) 876653017
(+353) 879195045
(+44) 7950245212
(+353) 861245535
(+353) 894561142
(+353) 862693388
(+353) 862524275
(+44) 7593919008
(+353) 852373107
(+353) 868496243
(+353) 877920077
(+353) 862584031
(+353) 872582890
(+353) 860424763
(+353) 894384980
(+353) 862495453
(+353) 872263728
(+353) 872658146
(+353) 872316603
(+353) 870505941
(+353) 876384228
(+353) 876697241
(+353) 862380191
(+353) 879241931
(+353) 857513827
(+353) 863866542
(+353) 868101520
(+44) 7771607954
(+353) 863523678
(+353) 872248143
(+353) 868259787
(+353) 868130732
(+353) 876806960
(+353) 862568807
(+353) 872366000
(+44) 7779591970
(+353) 874174309
(+353) 872930504
(+353) 858878163
(+353) 868746371
(+353) 872732690
(+353) 868481923
(+353) 872378576
(+353) 872432657
(+353) 868238417
(+353) 868142041
(+353) 876109753
(+353) 872514443
(+353) 862520912
(+353) 868392400
(+353) 872599603
(+353) 872667286
(+353) 862791235
(+353) 866072942
(+353) 862629538
(+353) 872758190
(+353) 872536815
(+353) 879701208
(+353) 864058280
(+353) 872551280
(+353) 876779012
(+353) 863291117
(+353) 872570574
(+353) 878316111
(+353) 872905126
(+353) 866001105
(+353) 872423334
(+353) 862578937
(+353) 862520034
(+353) 876235948
(+353) 872523754
(+353) 872369864
(+353) 876482177
(+353) 863608401
(+353) 872517694
(+44) 7808926228
(+353) 872448048
(+353) 863300551
(+353) 876819086
(+353) 878194680
(+353) 872304015
(+44) 7798828802
(+353) 872200262
(+353) 866029301
(+353) 872662617
(+353) 872336991
(+353) 863753923
(+353) 872585531
(+353) 877615272
(+353) 868198810
(+353) 868342888
(+353) 862640037
(+353) 862719453
(+353) 872561566
(+353) 872515626
(+353) 872775397
(+353) 876747303
(+353) 876570093
(+353) 862561892
(+44) 7802625510
(+353) 863514696
(+353) 862668730
(+353) 863423030
(+353) 872590919
(+353) 872457616
(+353) 872226288
(+353) 862784170
(+353) 879943020
(+353) 877744140
(+353) 862580964
(+353) 872359203
(+353) 862520275
(+353) 874166092
(+353) 872509761
(+353) 872483705
(+353) 862498836
(+353) 872369466
(+353) 876101697
(+353) 863895636
(+44) 7788567407
(+44) 780260(+44) 11
(+353) 872240215
(+353) 868226655
(+353) 868511256
(+353) 862643677
(+353) 872216994
(+44) 7745158493
(+353) 872574365
(+353) 868034291
(+353) 879185013
(+353) 872447260
(+353) 868315484
(+353) 862550079
(+353) 872567615
(+353) 872057416
(+353) 876332364
(+353) 872103997
(+44) 7831575769
(+353) 872041355
(+353) 861532210
(+353) 872682886
(+353) 864670234
(+44) 7810770340
(+353) 872466595
(+353) 870959389
(+353) 873626443
(+353) 868632314
(+353) 872684611
(+353) 862255336
(+353) 872488877
(+353) 872566039
(+353) 857425495
(+353) 862615277
(+353) 863628590
(+353) 872553867
(+353) 872260548
(+353) 876859941
(+353) 863909486
(+353) 862558347
(+353) 871931066
(+353) 872564940
(+353) 872606456
(+353) 872566129
(+353) 863015568
(+353) 868698016
(+44) 7989431890
(+353) 879002135
(+353) 868457093
(+353) 868193937
(+353) 872555531
(+353) 862590764
(+353) 872543884
(+353) 862336092
(+353) 857044031
(+353) 872551364
(+353) 868182414
(+353) 862516056
(+353) 868654498
(+353) 862559618
(+353) 872552571
(+353) 868593011
(+353) 862534753
(+353) 876377499
(+353) 868298985
(+353) 876840992
(+353) 876108214
(+44) 7710586975
(+353) 879605215
(+353) 868295451
(+353) 872332111
(+353) 878208947
(+353) 863139929
(+353) 868502439
(+353) 876542280
(+353) 863892339
(+353) 876798529
(+353) 862457486
(+353) 862568912
(+44) 7740433707
(+353) 852434625
(+44) 7752538595
(+353) 868137473
(+353) 860763800
(+353) 872725627
(+353) 872579204
(+353) 872962042
(+353) 862534566
(+353) 868543010
(+353) 872452741
(+353) 876738058
(+353) 876403807
(+353) 872581814
(+353) 872549481
(+44) 7767425(+44) 2
(+353) 872886690
(+353) 876226562
(+353) 870544818
(+353) 874140624
(+353) 877947207
(+353) 876381041
(+353) 868373638
(+353) 868556584
(+353) 868444120
(+353) 877838629
(+353) 862668539
(+353) 879837404
(+353) 863265347
(+353) 879406040
(+353) 858189724
0877554596
(+353) 862646367
(+353) 868563163
(+353) 876610811
(+353) 879249037
(+353) 876820239
(+353) 879511156
(+353) 872604172
(+353) 860593517
(+353) 877851141
(+44) 7712871168
(+353) 876861840
(+353) 873344319
(+353) 868066000
(+353) 872028247
(+353) 876355724
(+353) 877402687
(+353) 862478177
(+353) 876332567
(+353) 879300778
(+353) 879604545
(+353) 872660120
(+353) 872717363
(+353) 871366352
(+353) 876994991
(+353) 879634536
(+353) 872931178
(+353) 866810662
(+353) 872548773
(+353) 868112996
(+353) 876645317
(+353) 862557537
(+353) 868337055
(+353) 868234279
(+353) 872506554
(+353) 862541398
(+353) 862577380
(+44) 7770684346
(+353) 872987209
(+353) 868161010
(+44) 7762165345
(+353) 872943017
(+353) 876773626
(+44) 7843563382
(+353) 872501069
(+353) 863075014
(+353) 876924831
(+353) 874128283
(+353) 862268359
(+353) 868399713
(+44) 7775917438
(+353) 877499778
(+353) 862773024
(+353) 879257373
(+44) 7753117903
(+44) 7773(+44) 4183
(+353) 868144447
(+353) 868392846
(+353) 851649130
(+353) 872555692
(+353) 872491279
(+353) 872265073
(+353) 860654425
(+353) 872553084
(+353) 868597153
(+353) 879175744
(+353) 876506183
(+44) 7761685181
(+353) 858511883
(+353) 872526530
(+353) 876783303
(+353) 868379473
(+353) 862559592
(+44) 7902841696
(+353) 868263099
(+353) 879038227
(+353) 879767566
(+353) 878631678
(+353) 872381664
(+353) 879808536
(+353) 872723087
(+353) 862791647
(+353) 863619437
(+44) 7790827187
(+353) 861605398
(+353) 876662539
(+353) 863371887
(+353) 876942985
(+353) 863796192
(+353) 868152523
(+353) 872566560
(+353) 872388101
(+353) 872322555
(+353) 863775682
(+353) 879550771
(+353) 872745581
(+353) 876381115
(+44) 7919886580
(+353) 879749964
(+353) 872022557
(+353) 877722042
(+353) 879539401
(+353) 876932946
(+353) 874058392
(+353) 861720508
(+353) 862595572
(+353) 868152953
(+353) 876130518
(+353) 863648829
(+353) 858154074
(+353) 868434520
(+353) 879088921
(+353) 872586617
(+353) 872187453
(+353) 861940241
(+353) 879604308
(+353) 879183907
(+353) 872753075
(+353) 876875755
(+353) 861695310
(+44) 7803326062
(+353) 862583995
(+44) 7771988066
(+353) 877440048
(+353) 831522714
(+353) 868281496
(+353) 879113305
(+353) 860855392
